epoch level train.loss train.accuracy val.loss val.accuracy
0 0 0.0 99.77176966292134 NA NA
0 1 6.250349998474121 40.19487359550562 NA NA
0 2 2.767666971310973 8.01439606741573 NA NA
0 3 2.209157560020685 4.389044943820225 NA NA
0 0 NA NA 0.0 100.0
0 1 NA NA 0.6103586703538895 51.743264659271
0 2 NA NA 0.3028334900736809 14.263074484944532
0 3 NA NA 0.24735454469919205 10.142630744849445
1 0 0.0 99.77176966292134 NA NA
1 1 4.906291749328375 55.94276685393258 NA NA
1 2 2.6845339480787516 19.8999297752809 NA NA
1 3 2.1644753105938435 14.001053370786517 NA NA
1 0 NA NA 0.0 100.0
1 1 NA NA 0.4910697788000107 61.25198098256735
1 2 NA NA 0.2848967406898737 26.307448494453247
1 3 NA NA 0.2380771804600954 20.839936608557846
2 0 0.0 99.77176966292134 NA NA
2 1 4.091689337044954 64.50140449438203 NA NA
2 2 2.4410099629312754 33.40063202247191 NA NA
2 3 2.0008419658988714 24.9561095505618 NA NA
2 0 NA NA 0.0 100.0
2 1 NA NA 0.408670824021101 66.24405705229793
2 2 NA NA 0.2365325652062893 41.60063391442155
2 3 NA NA 0.20281868614256382 30.82408874801902
3 0 0.0 99.77176966292134 NA NA
3 1 3.455128487199545 70.50561797752809 NA NA
3 2 2.0127631686627865 46.734550561797754 NA NA
3 3 1.6711492305621505 33.77808988764045 NA NA
3 0 NA NA 0.0 100.0
3 1 NA NA 0.34621682204306126 73.05863708399366
3 2 NA NA 0.1871266197413206 50.31695721077654
3 3 NA NA 0.1655787220224738 37.16323296354992
4 0 0.0 99.77176966292134 NA NA
4 1 2.9493204951286316 75.28967696629213 NA NA
4 2 1.677499309182167 53.44101123595506 NA NA
4 3 1.3977452870458364 39.09761235955056 NA NA
4 0 NA NA 0.0 100.0
4 1 NA NA 0.2986508123576641 76.54516640253566
4 2 NA NA 0.16476238891482353 55.86370839936608
4 3 NA NA 0.1468258537352085 40.491283676703645
5 0 0.0 99.77176966292134 NA NA
5 1 2.538140309974551 79.13448033707866 NA NA
5 2 1.4569530682638288 58.339185393258425 NA NA
5 3 1.2438565883785486 42.34550561797753 NA NA
5 0 NA NA 0.0 100.0
5 1 NA NA 0.258267879486084 80.5863708399366
5 2 NA NA 0.14377967547625303 59.66719492868463
5 3 NA NA 0.1337645659223199 43.10618066561014
6 0 0.0 99.77176966292134 NA NA
6 1 2.222372204065323 81.17977528089888 NA NA
6 2 1.2872416423633695 61.14817415730337 NA NA
6 3 1.1468969397246838 44.162570224719104 NA NA
6 0 NA NA 0.0 100.0
6 1 NA NA 0.23170467652380466 82.0919175911252
6 2 NA NA 0.13406463619321585 60.85578446909667
6 3 NA NA 0.12549024540930986 44.92868462757528
7 0 0.0 99.77176966292134 NA NA
7 1 2.0239917542785406 82.41748595505618 NA NA
7 2 1.1995609728619456 62.96523876404494 NA NA
7 3 1.0838724225759506 46.12886235955056 NA NA
7 0 NA NA 0.0 100.0
7 1 NA NA 0.21237155981361866 83.43898573692552
7 2 NA NA 0.12792950496077538 62.282091917591124
7 3 NA NA 0.12010237574577332 46.43423137876387
8 0 0.0 99.77176966292134 NA NA
8 1 1.8493080856278539 83.62886235955057 NA NA
8 2 1.1418411610648036 64.50140449438203 NA NA
8 3 1.0321305897086859 47.981039325842694 NA NA
8 0 NA NA 0.0 100.0
8 1 NA NA 0.19228509441018105 84.54833597464342
8 2 NA NA 0.12057126499712467 64.18383518225039
8 3 NA NA 0.11122179590165615 48.335974643423135
9 0 0.0 99.77176966292134 NA NA
9 1 1.67147137504071 84.52422752808988 NA NA
9 2 1.046853156760335 66.8627106741573 NA NA
9 3 0.9466293160803616 49.9122191011236 NA NA
9 0 NA NA 0.0 100.0
9 1 NA NA 0.18015230633318424 85.02377179080824
9 2 NA NA 0.11138710007071495 65.45166402535658
9 3 NA NA 0.10502299014478922 50.0
10 0 0.0 99.77176966292134 NA NA
10 1 1.5602298025041819 85.51615168539325 NA NA
10 2 0.9849022310227156 68.17942415730337 NA NA
10 3 0.8957934929057956 51.61516853932584 NA NA
10 0 NA NA 0.0 100.0
10 1 NA NA 0.17150472197681665 85.49920760697306
10 2 NA NA 0.10633075702935457 66.1648177496038
10 3 NA NA 0.0999391507357359 51.664025356576865
11 0 0.0 99.77176966292134 NA NA
11 1 1.4643998695537448 86.36762640449439 NA NA
11 2 0.924849467817694 69.57514044943821 NA NA
11 3 0.8295893534086645 53.379564606741575 NA NA
11 0 NA NA 0.0 100.0
11 1 NA NA 0.16455985698848963 85.81616481774961
11 2 NA NA 0.10072168800979853 67.27416798732172
11 3 NA NA 0.09255408821627498 54.437400950871634
12 0 0.0 99.77176966292134 NA NA
12 1 1.3721225084736943 86.99964887640449 NA NA
12 2 0.8747900621965528 70.75140449438203 NA NA
12 3 0.7826636233367026 55.18785112359551 NA NA
12 0 NA NA 0.0 100.0
12 1 NA NA 0.15721880085766315 86.4500792393027
12 2 NA NA 0.09730821661651134 68.30427892234549
12 3 NA NA 0.08735832944512367 55.705229793977814
13 0 0.0 99.77176966292134 NA NA
13 1 1.3194001419469714 87.52633426966293 NA NA
13 2 0.8456617332994938 71.60287921348315 NA NA
13 3 0.7436655801720917 56.2061095505618 NA NA
13 0 NA NA 0.0 100.0
13 1 NA NA 0.1499248668551445 87.3217115689382
13 2 NA NA 0.09327346505597234 69.25515055467513
13 3 NA NA 0.08263873355463147 56.65610142630745
14 0 0.0 99.77176966292134 NA NA
14 1 1.2552042994648218 88.24613764044943 NA NA
14 2 0.8023846931755543 72.93714887640449 NA NA
14 3 0.7053140588104725 57.18047752808989 NA NA
14 0 NA NA 0.0 100.0
14 1 NA NA 0.14485688786953688 87.71790808240887
14 2 NA NA 0.08973480202257633 70.2852614896989
14 3 NA NA 0.0792325078509748 57.92393026941363
15 0 0.0 99.77176966292134 NA NA
15 1 1.1691044252365828 89.02738764044943 NA NA
15 2 0.7580975228920579 73.8939606741573 NA NA
15 3 0.6735628927126527 58.031952247191015 NA NA
15 0 NA NA 0.0 100.0
15 1 NA NA 0.13725288398563862 88.11410459587955
15 2 NA NA 0.08485393552109599 71.79080824088749
15 3 NA NA 0.07549381675198674 58.63708399366086
16 0 0.0 99.77176966292134 NA NA
16 1 1.1351389330811799 89.24683988764045 NA NA
16 2 0.7212617308832705 74.99122191011236 NA NA
16 3 0.6413601376116276 58.27773876404494 NA NA
16 0 NA NA 0.0 100.0
16 1 NA NA 0.13271974958479404 88.82725832012679
16 2 NA NA 0.08169866539537907 72.18700475435816
16 3 NA NA 0.07272805459797382 59.033280507131536
17 0 0.0 99.77176966292134 NA NA
17 1 1.0891488823108375 89.55407303370787 NA NA
17 2 0.6809072410687804 75.84269662921348 NA NA
17 3 0.6067215134389699 59.120435393258425 NA NA
17 0 NA NA 0.0 100.0
17 1 NA NA 0.1276734941639006 89.38193343898574
17 2 NA NA 0.07834450202062726 73.1378763866878
17 3 NA NA 0.06992419483140111 59.270998415213946
18 0 0.0 99.77176966292134 NA NA
18 1 1.0505366530269384 89.91397471910112 NA NA
18 2 0.6646901434287429 76.25526685393258 NA NA
18 3 0.5848224409855902 59.53300561797753 NA NA
18 0 NA NA 0.0 100.0
18 1 NA NA 0.1231436301022768 89.38193343898574
18 2 NA NA 0.0749459182843566 74.08874801901743
18 3 NA NA 0.06669840682297945 59.508716323296355
19 0 0.0 99.77176966292134 NA NA
19 1 0.9810406961478293 90.77422752808988 NA NA
19 2 0.6283486918546259 77.23841292134831 NA NA
19 3 0.5591572674456984 59.77001404494382 NA NA
19 0 NA NA 0.0 100.0
19 1 NA NA 0.11834373697638512 90.1743264659271
19 2 NA NA 0.07146553695201874 75.27733755942948
19 3 NA NA 0.06397348828613758 59.8256735340729
20 0 0.0 99.77176966292134 NA NA
20 1 0.9290263401344419 91.20435393258427 NA NA
20 2 0.5966128641739488 78.17766853932584 NA NA
20 3 0.5415449673309922 60.2440308988764 NA NA
20 0 NA NA 0.0 100.0
20 1 NA NA 0.11306488327682018 90.57052297939778
20 2 NA NA 0.06704643880948424 76.46592709984152
20 3 NA NA 0.061487085185945034 60.38034865293186
21 0 0.0 99.77176966292134 NA NA
21 1 0.9103701380081475 91.37113764044943 NA NA
21 2 0.5730182342231274 78.69557584269663 NA NA
21 3 0.523014941252768 60.639044943820224 NA NA
21 0 NA NA 0.0 100.0
21 1 NA NA 0.1088241245597601 91.12519809825673
21 2 NA NA 0.06374414311721921 76.8621236133122
21 3 NA NA 0.05935549549758434 60.776545166402535
22 0 0.0 99.77176966292134 NA NA
22 1 0.8534440309740603 91.76615168539325 NA NA
22 2 0.5309138083830476 79.78405898876404 NA NA
22 3 0.4963485300540924 61.18328651685393 NA NA
22 0 NA NA 0.0 100.0
22 1 NA NA 0.10490852640941739 91.67987321711568
22 2 NA NA 0.06128064077347517 77.41679873217116
22 3 NA NA 0.05728392815217376 61.25198098256735
23 0 0.0 99.77176966292134 NA NA
23 1 0.8202776028774679 92.11727528089888 NA NA
23 2 0.516453035408631 79.88061797752809 NA NA
23 3 0.48576381988823414 61.70119382022472 NA NA
23 0 NA NA 0.0 100.0
23 1 NA NA 0.10141356149688363 91.60063391442155
23 2 NA NA 0.05911815958097577 78.3676703645008
23 3 NA NA 0.055070369970053434 61.88589540412045
24 0 0.0 99.77176966292134 NA NA
24 1 0.8072661408223212 92.17872191011236 NA NA
24 2 0.49770891363732517 80.51264044943821 NA NA
24 3 0.4634401698131114 62.39466292134831 NA NA
24 0 NA NA 0.0 100.0
24 1 NA NA 0.0973102143034339 92.1553090332805
24 2 NA NA 0.05702087702229619 79.00158478605388
24 3 NA NA 0.052693434059619904 62.91600633914422
25 0 0.0 99.77176966292134 NA NA
25 1 0.7665363512933254 92.6439606741573 NA NA
25 2 0.4794151680544019 81.08321629213484 NA NA
25 3 0.4419987970031798 63.29880617977528 NA NA
25 0 NA NA 0.0 100.0
25 1 NA NA 0.09434932470321655 92.23454833597464
25 2 NA NA 0.05479053594172001 79.55625990491284
25 3 NA NA 0.05008698953315616 63.549920760697304
26 0 0.0 99.77176966292134 NA NA
26 1 0.7057546796277165 92.90730337078652 NA NA
26 2 0.44761664303950965 82.12780898876404 NA NA
26 3 0.41580357402563095 63.66748595505618 NA NA
26 0 NA NA 0.0 100.0
26 1 NA NA 0.09138902183622122 92.1553090332805
26 2 NA NA 0.052460253005847335 80.50713153724247
26 3 NA NA 0.04734242637641728 64.02535657686212
27 0 0.0 99.77176966292134 NA NA
27 1 0.7020591688342392 93.07408707865169 NA NA
27 2 0.4311690938193351 82.54915730337079 NA NA
27 3 0.39926624787040055 63.922050561797754 NA NA
27 0 NA NA 0.0 100.0
27 1 NA NA 0.08787143044173717 92.63074484944532
27 2 NA NA 0.04957446362823248 80.98256735340729
27 3 NA NA 0.044879741966724396 64.26307448494454
28 0 0.0 99.77176966292134 NA NA
28 1 0.6636081559117883 93.47787921348315 NA NA
28 2 0.40995256952010095 83.28651685393258 NA NA
28 3 0.3832060624845326 64.26439606741573 NA NA
28 0 NA NA 0.0 100.0
28 1 NA NA 0.08611175045371056 92.7892234548336
28 2 NA NA 0.046943857334554195 81.45800316957211
28 3 NA NA 0.04293432435952127 64.65927099841521
29 0 0.0 99.77176966292134 NA NA
29 1 0.637617853237316 93.60955056179775 NA NA
29 2 0.3863266783300787 83.80442415730337 NA NA
29 3 0.37162967794574797 64.49262640449439 NA NA
29 0 NA NA 0.0 100.0
29 1 NA NA 0.08308425592258573 92.86846275752774
29 2 NA NA 0.04391123587265611 82.01267828843106
29 3 NA NA 0.04118178808130324 64.73851030110934
30 0 0.0 99.77176966292134 NA NA
30 1 0.6329839986283332 93.78511235955057 NA NA
30 2 0.36555088171735406 84.33110955056179 NA NA
30 3 0.3560614651069045 64.58040730337079 NA NA
30 0 NA NA 0.0 100.0
30 1 NA NA 0.08192974561825395 92.70998415213946
30 2 NA NA 0.04188632941804826 82.48811410459588
30 3 NA NA 0.04024967714212835 64.89698890649763
31 0 0.0 99.77176966292134 NA NA
31 1 0.598395254695788 94.0747893258427 NA NA
31 2 0.34026406751945615 84.92801966292134 NA NA
31 3 0.34233054611831903 64.82619382022472 NA NA
31 0 NA NA 0.0 100.0
31 1 NA NA 0.0789944576099515 93.26465927099842
31 2 NA NA 0.03991104103624821 82.72583201267828
31 3 NA NA 0.03885407978668809 65.0554675118859
32 0 0.0 99.77176966292134 NA NA
32 1 0.5677217275369912 94.31179775280899 NA NA
32 2 0.3309140019118786 85.08602528089888 NA NA
32 3 0.33223726646974683 65.05442415730337 NA NA
32 0 NA NA 0.0 100.0
32 1 NA NA 0.0776272346265614 93.10618066561014
32 2 NA NA 0.03868552134372294 82.72583201267828
32 3 NA NA 0.038012478267773986 65.0554675118859
33 0 0.0 99.77176966292134 NA NA
33 1 0.5348187584895641 94.69803370786516 NA NA
33 2 0.3042918894207105 85.79705056179775 NA NA
33 3 0.3160324690397829 65.19487359550561 NA NA
33 0 NA NA 0.0 100.0
33 1 NA NA 0.07656195154413581 93.34389857369256
33 2 NA NA 0.037627064157277346 82.9635499207607
33 3 NA NA 0.0373719094786793 65.13470681458003
34 0 0.0 99.77176966292134 NA NA
34 1 0.5415329625830054 94.65414325842697 NA NA
34 2 0.3018243433907628 85.55126404494382 NA NA
34 3 0.3200988811440766 65.33532303370787 NA NA
34 0 NA NA 0.0 100.0
34 1 NA NA 0.07411638414487243 93.58161648177496
34 2 NA NA 0.03654410084709525 82.9635499207607
34 3 NA NA 0.03683047089725733 65.21394611727416
35 0 0.0 99.77176966292134 NA NA
35 1 0.5182013055309653 94.89115168539325 NA NA
35 2 0.2899857348529622 85.99894662921348 NA NA
35 3 0.3125610260758549 65.3002106741573 NA NA
35 0 NA NA 0.0 100.0
35 1 NA NA 0.07197453733533621 93.74009508716323
35 2 NA NA 0.03553978679701686 82.88431061806656
35 3 NA NA 0.03602564265020192 65.45166402535658
36 0 0.0 99.77176966292134 NA NA
36 1 0.49804695835337043 94.9438202247191 NA NA
36 2 0.2702850664500147 86.37640449438203 NA NA
36 3 0.2959913529921323 65.56355337078652 NA NA
36 0 NA NA 0.0 100.0
36 1 NA NA 0.07089574332349002 93.81933438985737
36 2 NA NA 0.0350379825104028 83.04278922345483
36 3 NA NA 0.035729689756408334 65.37242472266244
37 0 0.0 99.77176966292134 NA NA
37 1 0.5044520371593535 94.8999297752809 NA NA
37 2 0.27086396724916995 86.20962078651685 NA NA
37 3 0.2979599735699594 65.56355337078652 NA NA
37 0 NA NA 0.0 100.0
37 1 NA NA 0.06896184291690588 93.81933438985737
37 2 NA NA 0.03449826606083661 83.12202852614897
37 3 NA NA 0.03553184098564088 65.21394611727416
38 0 0.0 99.77176966292134 NA NA
38 1 0.4760479616234079 95.33883426966293 NA NA
38 2 0.2655721444170922 86.25351123595506 NA NA
38 3 0.2995567546458915 65.4494382022472 NA NA
38 0 NA NA 0.0 100.0
38 1 NA NA 0.06663593137636781 94.21553090332804
38 2 NA NA 0.03409402584657073 83.12202852614897
38 3 NA NA 0.03499491512775421 65.53090332805071
39 0 0.0 99.77176966292134 NA NA
39 1 0.4563337496947497 95.4002808988764 NA NA
39 2 0.25039698532782495 86.59585674157303 NA NA
39 3 0.2875745214987546 65.63377808988764 NA NA
39 0 NA NA 0.0 100.0
39 1 NA NA 0.06622972572222352 94.29477020602219
39 2 NA NA 0.03385541797615588 83.2012678288431
39 3 NA NA 0.03492094203829765 65.45166402535658
40 0 0.0 99.77176966292134 NA NA
40 1 0.43765686196275055 95.41783707865169 NA NA
40 2 0.24709286354482174 86.65730337078652 NA NA
40 3 0.2826530316378921 65.79178370786516 NA NA
40 0 NA NA 0.0 100.0
40 1 NA NA 0.06488974951207638 94.29477020602219
40 2 NA NA 0.033720362232998013 83.2012678288431
40 3 NA NA 0.034542859299108386 65.68938193343898
41 0 0.0 99.77176966292134 NA NA
41 1 0.4151608292013407 95.75140449438203 NA NA
41 2 0.2375965811079368 86.85042134831461 NA NA
41 3 0.27904607192613184 65.67766853932584 NA NA
41 0 NA NA 0.0 100.0
41 1 NA NA 0.06504015880636871 94.45324881141046
41 2 NA NA 0.03329356154426932 83.51822503961965
41 3 NA NA 0.03437664173543453 65.68938193343898
42 0 0.0 99.77176966292134 NA NA
42 1 0.4245547039899975 95.65484550561797 NA NA
42 2 0.23739147011656314 86.8065308988764 NA NA
42 3 0.27203143609222025 65.84445224719101 NA NA
42 0 NA NA 0.0 100.0
42 1 NA NA 0.06401619594544172 94.37400950871633
42 2 NA NA 0.03257102821953595 83.35974643423138
42 3 NA NA 0.03371245809830725 65.53090332805071
43 0 0.0 99.77176966292134 NA NA
43 1 0.40920906176324934 95.61973314606742 NA NA
43 2 0.22393825743347406 87.18398876404494 NA NA
43 3 0.2678910510148853 66.09023876404494 NA NA
43 0 NA NA 0.0 100.0
43 1 NA NA 0.06317155947908759 94.45324881141046
43 2 NA NA 0.03235435136593878 83.75594294770207
43 3 NA NA 0.03333194297738373 65.84786053882726
44 0 0.0 99.77176966292134 NA NA
44 1 0.415266967844218 95.6372893258427 NA NA
44 2 0.22488148347474635 87.07865168539325 NA NA
44 3 0.26470592652913183 66.0375702247191 NA NA
44 0 NA NA 0.0 100.0
44 1 NA NA 0.06209402717649937 94.45324881141046
44 2 NA NA 0.03196171182207763 83.59746434231378
44 3 NA NA 0.03291210508905351 65.76862123613313
45 0 0.0 99.77176966292134 NA NA
45 1 0.40647137782070786 95.65484550561797 NA NA
45 2 0.22040372213814408 87.09620786516854 NA NA
45 3 0.25997157767415047 66.16046348314607 NA NA
45 0 NA NA 0.0 100.0
45 1 NA NA 0.06169629958458245 94.5324881141046
45 2 NA NA 0.031938386615365744 83.8351822503962
45 3 NA NA 0.03283593966625631 65.68938193343898
46 0 0.0 99.77176966292134 NA NA
46 1 0.3940079361782409 95.8567415730337 NA NA
46 2 0.2178563680499792 87.09620786516854 NA NA
46 3 0.26028287422377616 66.06390449438203 NA NA
46 0 NA NA 0.0 100.0
46 1 NA NA 0.061090068775229156 94.45324881141046
46 2 NA NA 0.03143334586638957 83.8351822503962
46 3 NA NA 0.03242796752601862 65.84786053882726
47 0 0.0 99.77176966292134 NA NA
47 1 0.36868503503501415 96.11130617977528 NA NA
47 2 0.21203311230055988 87.33321629213484 NA NA
47 3 0.2538123397389427 66.05512640449439 NA NA
47 0 NA NA 0.0 100.0
47 1 NA NA 0.060231128707528114 94.37400950871633
47 2 NA NA 0.03134189825505018 83.67670364500792
47 3 NA NA 0.032048391876742244 65.9270998415214
48 0 0.0 99.77176966292134 NA NA
48 1 0.38233656680677086 95.89185393258427 NA NA
48 2 0.20736688585020602 87.44733146067416 NA NA
48 3 0.25198574690148234 66.17801966292134 NA NA
48 0 NA NA 0.0 100.0
48 1 NA NA 0.0600479138083756 94.37400950871633
48 2 NA NA 0.031349824741482735 83.8351822503962
48 3 NA NA 0.03222563909366727 65.76862123613313
49 0 0.0 99.77176966292134 NA NA
49 1 0.3691633577691391 95.95330056179775 NA NA
49 2 0.21011892915703356 87.28932584269663 NA NA
49 3 0.24994038383010775 66.14290730337079 NA NA
49 0 NA NA 0.0 100.0
49 1 NA NA 0.058755078352987766 94.45324881141046
49 2 NA NA 0.031244604033418 84.0729001584786
49 3 NA NA 0.03204316692426801 66.00633914421553
50 0 0.0 99.77176966292134 NA NA
50 1 0.36190615070518106 95.92696629213484 NA NA
50 2 0.21294458722695708 87.10498595505618 NA NA
50 3 0.24447563593275845 66.33602528089888 NA NA
50 0 NA NA 0.0 100.0
50 1 NA NA 0.05854166764765978 94.45324881141046
50 2 NA NA 0.03082755277864635 84.0729001584786
50 3 NA NA 0.03148609912022948 65.9270998415214
51 0 0.0 99.77176966292134 NA NA
51 1 0.3523977774893865 96.08497191011236 NA NA
51 2 0.2017235856037587 87.42977528089888 NA NA
51 3 0.24233892175834626 66.33602528089888 NA NA
51 0 NA NA 0.0 100.0
51 1 NA NA 0.05777958664111793 94.5324881141046
51 2 NA NA 0.030722612631507218 83.91442155309034
51 3 NA NA 0.031730576418340206 65.84786053882726
52 0 0.0 99.77176966292134 NA NA
52 1 0.33795081300195307 96.25175561797752 NA NA
52 2 0.19048368564108387 87.75456460674157 NA NA
52 3 0.23538612865377218 66.39747191011236 NA NA
52 0 NA NA 0.0 100.0
52 1 NA NA 0.059001961490139365 94.61172741679873
52 2 NA NA 0.030722075141966343 83.99366085578447
52 3 NA NA 0.03158935881219804 65.84786053882726
53 0 0.0 99.77176966292134 NA NA
53 1 0.32950400590198115 96.30442415730337 NA NA
53 2 0.18786908593028784 87.80723314606742 NA NA
53 3 0.2349254263099283 66.39747191011236 NA NA
53 0 NA NA 0.0 100.0
53 1 NA NA 0.05761941475793719 94.84944532488115
53 2 NA NA 0.03023166977800429 83.99366085578447
53 3 NA NA 0.03124968335032463 65.84786053882726
54 0 0.0 99.77176966292134 NA NA
54 1 0.33655583614017814 96.23419943820225 NA NA
54 2 0.19069050712278113 87.6755617977528 NA NA
54 3 0.23029500001575798 66.59936797752809 NA NA
54 0 NA NA 0.0 100.0
54 1 NA NA 0.0574223140720278 94.61172741679873
54 2 NA NA 0.03028002253267914 84.15213946117274
54 3 NA NA 0.03114347718656063 66.08557844690966
55 0 0.0 99.77176966292134 NA NA
55 1 0.34015276783611625 96.1815308988764 NA NA
55 2 0.1899368761223741 87.78089887640449 NA NA
55 3 0.2268001097254455 66.66959269662921 NA NA
55 0 NA NA 0.0 100.0
55 1 NA NA 0.05622312263585627 94.69096671949286
55 2 NA NA 0.0299191705416888 84.0729001584786
55 3 NA NA 0.030989384278655052 66.00633914421553
56 0 0.0 99.77176966292134 NA NA
56 1 0.33946290193125606 96.19030898876404 NA NA
56 2 0.18627434998052195 87.85112359550561 NA NA
56 3 0.23093237378634512 66.51158707865169 NA NA
56 0 NA NA 0.0 100.0
56 1 NA NA 0.056349261198192835 94.69096671949286
56 2 NA NA 0.029628565767779946 84.15213946117274
56 3 NA NA 0.03066232963465154 66.08557844690966
57 0 0.0 99.77176966292134 NA NA
57 1 0.32121313258539885 96.1815308988764 NA NA
57 2 0.18170793482568115 87.78089887640449 NA NA
57 3 0.22524539555888623 66.40625 NA NA
57 0 NA NA 0.0 100.0
57 1 NA NA 0.05590680451132357 94.61172741679873
57 2 NA NA 0.02936500613577664 84.23137876386687
57 3 NA NA 0.030474067898467183 66.1648177496038
58 0 0.0 99.77176966292134 NA NA
58 1 0.3211047409567982 96.3307584269663 NA NA
58 2 0.18220831925282255 87.81601123595506 NA NA
58 3 0.2263151523657143 66.56425561797752 NA NA
58 0 NA NA 0.0 100.0
58 1 NA NA 0.05559321935288608 94.69096671949286
58 2 NA NA 0.029388489318080246 84.0729001584786
58 3 NA NA 0.030382927507162094 66.00633914421553
59 0 0.0 99.77176966292134 NA NA
59 1 0.3198172610718757 96.28686797752809 NA NA
59 2 0.18575331376632676 87.78089887640449 NA NA
59 3 0.22532553120981902 66.62570224719101 NA NA
59 0 NA NA 0.0 100.0
59 1 NA NA 0.05616362183354795 94.84944532488115
59 2 NA NA 0.0292434839066118 84.31061806656102
59 3 NA NA 0.030305672204121947 66.00633914421553
60 0 0.0 99.77176966292134 NA NA
60 1 0.3050698171136901 96.5063202247191 NA NA
60 2 0.17933179810643196 87.85112359550561 NA NA
60 3 0.22183341369964182 66.65203651685393 NA NA
60 0 NA NA 0.0 100.0
60 1 NA NA 0.05531165818683803 94.61172741679873
60 2 NA NA 0.02931586862541735 84.15213946117274
60 3 NA NA 0.030442802933976054 66.00633914421553
61 0 0.0 99.77176966292134 NA NA
61 1 0.2919687039684504 96.64676966292134 NA NA
61 2 0.17879574769176543 87.90379213483146 NA NA
61 3 0.2236202706117183 66.59058988764045 NA NA
61 0 NA NA 0.0 100.0
61 1 NA NA 0.05496380710974336 94.77020602218701
61 2 NA NA 0.029367138165980577 84.23137876386687
61 3 NA NA 0.030505451024509966 66.00633914421553
62 0 0.0 99.77176966292134 NA NA
62 1 0.3062218726845458 96.49754213483146 NA NA
62 2 0.1759208228904754 87.96523876404494 NA NA
62 3 0.2151673468761146 66.73981741573034 NA NA
62 0 NA NA 0.0 100.0
62 1 NA NA 0.05441479152068496 94.84944532488115
62 2 NA NA 0.029009678168222308 84.31061806656102
62 3 NA NA 0.03007240081205964 66.08557844690966
63 0 0.0 99.77176966292134 NA NA
63 1 0.3040007073432207 96.5063202247191 NA NA
63 2 0.17648850561818108 87.85990168539325 NA NA
63 3 0.21833143557887524 66.61692415730337 NA NA
63 0 NA NA 0.0 100.0
63 1 NA NA 0.05512672429904342 94.77020602218701
63 2 NA NA 0.029027806944213808 84.31061806656102
63 3 NA NA 0.03002322604879737 66.24405705229793
64 0 0.0 99.77176966292134 NA NA
64 1 0.3066606148495339 96.48876404494382 NA NA
64 2 0.1751028440776281 87.93890449438203 NA NA
64 3 0.21794696163851768 66.66959269662921 NA NA
64 0 NA NA 0.0 100.0
64 1 NA NA 0.05451780278235674 94.92868462757528
64 2 NA NA 0.028607061598449945 84.31061806656102
64 3 NA NA 0.029873305233195424 66.1648177496038
65 0 0.0 99.77176966292134 NA NA
65 1 0.3211156078032218 96.32198033707866 NA NA
65 2 0.18061434372793883 87.78089887640449 NA NA
65 3 0.22309828305151314 66.52914325842697 NA NA
65 0 NA NA 0.0 100.0
65 1 NA NA 0.05422197142615914 95.00792393026941
65 2 NA NA 0.028783973772078753 84.31061806656102
65 3 NA NA 0.030029024928808212 66.08557844690966
66 0 0.0 99.77176966292134 NA NA
66 1 0.3065777764422819 96.43609550561797 NA NA
66 2 0.16843513847561553 87.98279494382022 NA NA
66 3 0.21194928616750985 66.70470505617978 NA NA
66 0 NA NA 0.0 100.0
66 1 NA NA 0.05422152823302895 94.92868462757528
66 2 NA NA 0.028790038777515292 84.38985736925515
66 3 NA NA 0.029923433321528137 66.1648177496038
67 0 0.0 99.77176966292134 NA NA
67 1 0.2812235379242338 96.67310393258427 NA NA
67 2 0.1718614685232751 87.96523876404494 NA NA
67 3 0.21863898902665824 66.70470505617978 NA NA
67 0 NA NA 0.0 100.0
67 1 NA NA 0.05341438332106918 94.92868462757528
67 2 NA NA 0.02850919170305133 84.38985736925515
67 3 NA NA 0.029779498232528567 66.1648177496038
68 0 0.0 99.77176966292134 NA NA
68 1 0.2888374850153923 96.54143258426966 NA NA
68 2 0.17181785218417645 87.98279494382022 NA NA
68 3 0.21234409557655454 66.72226123595506 NA NA
68 0 NA NA 0.0 100.0
68 1 NA NA 0.053526625502854586 94.84944532488115
68 2 NA NA 0.02869471861049533 84.54833597464342
68 3 NA NA 0.02996369288302958 66.24405705229793
69 0 0.0 99.77176966292134 NA NA
69 1 0.30834767589112744 96.47120786516854 NA NA
69 2 0.16900534927845 88.17591292134831 NA NA
69 3 0.21253519249148667 66.79248595505618 NA NA
69 0 NA NA 0.0 100.0
69 1 NA NA 0.05397783394437283 94.77020602218701
69 2 NA NA 0.02845679607708007 84.54833597464342
69 3 NA NA 0.029757592594251037 66.00633914421553
70 0 0.0 99.77176966292134 NA NA
70 1 0.26501831476343796 96.83988764044943 NA NA
70 2 0.16216891666408628 88.15835674157303 NA NA
70 3 0.2038586603011936 66.85393258426966 NA NA
70 0 NA NA 0.0 100.0
70 1 NA NA 0.054043394047766924 94.77020602218701
70 2 NA NA 0.02838948043063283 84.46909667194929
70 3 NA NA 0.029602471739053726 66.00633914421553
71 0 0.0 99.77176966292134 NA NA
71 1 0.28707758942618966 96.61165730337079 NA NA
71 2 0.16816322988597676 88.02668539325843 NA NA
71 3 0.21072956349235028 66.70470505617978 NA NA
71 0 NA NA 0.0 100.0
71 1 NA NA 0.05330683046486229 94.77020602218701
71 2 NA NA 0.028177986852824688 84.54833597464342
71 3 NA NA 0.029432474402710795 66.08557844690966
72 0 0.0 99.77176966292134 NA NA
72 1 0.282901925209444 96.69066011235955 NA NA
72 2 0.1640449055703357 88.07057584269663 NA NA
72 3 0.2082500564865768 66.61692415730337 NA NA
72 0 NA NA 0.0 100.0
72 1 NA NA 0.05402686446905136 94.92868462757528
72 2 NA NA 0.028516155784018338 84.54833597464342
72 3 NA NA 0.029728059424087405 66.1648177496038
73 0 0.0 99.77176966292134 NA NA
73 1 0.2997836755239405 96.37464887640449 NA NA
73 2 0.16915642929961905 88.05301966292134 NA NA
73 3 0.2098553548566997 66.81004213483146 NA NA
73 0 NA NA 0.0 100.0
73 1 NA NA 0.0527237017522566 94.92868462757528
73 2 NA NA 0.028119745664298534 84.62757527733756
73 3 NA NA 0.02930558263324201 66.1648177496038
74 0 0.0 99.77176966292134 NA NA
74 1 0.2591464805882424 96.85744382022472 NA NA
74 2 0.1592008018051274 88.20224719101124 NA NA
74 3 0.20795101264957339 66.84515449438203 NA NA
74 0 NA NA 0.0 100.0
74 1 NA NA 0.053261753637343645 94.84944532488115
74 2 NA NA 0.02821107697673142 84.62757527733756
74 3 NA NA 0.029374973149970174 66.1648177496038
75 0 0.0 99.77176966292134 NA NA
75 1 0.2962463418371044 96.47120786516854 NA NA
75 2 0.1673150704591535 88.02668539325843 NA NA
75 3 0.20555177424103022 66.84515449438203 NA NA
75 0 NA NA 0.0 100.0
75 1 NA NA 0.052733114222064614 94.92868462757528
75 2 NA NA 0.02798845653887838 84.62757527733756
75 3 NA NA 0.029202771373093128 66.1648177496038
76 0 0.0 99.77176966292134 NA NA
76 1 0.28577616321854293 96.60287921348315 NA NA
76 2 0.1592811483424157 88.15835674157303 NA NA
76 3 0.20295445865485817 66.82759831460675 NA NA
76 0 NA NA 0.0 100.0
76 1 NA NA 0.0526824074331671 94.92868462757528
76 2 NA NA 0.02796661714091897 84.46909667194929
76 3 NA NA 0.02943293354474008 66.08557844690966
77 0 0.0 99.77176966292134 NA NA
77 1 0.2990185871021822 96.44487359550561 NA NA
77 2 0.16299776983214542 88.08813202247191 NA NA
77 3 0.2101951102958992 66.80126404494382 NA NA
77 0 NA NA 0.0 100.0
77 1 NA NA 0.052493678173050284 94.84944532488115
77 2 NA NA 0.02806583943311125 84.62757527733756
77 3 NA NA 0.029369789292104542 66.24405705229793
78 0 0.0 99.77176966292134 NA NA
78 1 0.27783306801575236 96.65554775280899 NA NA
78 2 0.16187800955958664 88.17591292134831 NA NA
78 3 0.2077411087229848 66.88026685393258 NA NA
78 0 NA NA 0.0 100.0
78 1 NA NA 0.05271409568376839 94.84944532488115
78 2 NA NA 0.028010291513055563 84.46909667194929
78 3 NA NA 0.029191541951149702 66.08557844690966
79 0 0.0 99.77176966292134 NA NA
79 1 0.2843719481606968 96.6379915730337 NA NA
79 2 0.16563739051343873 88.02668539325843 NA NA
79 3 0.20457201555836946 66.87148876404494 NA NA
79 0 NA NA 0.0 100.0
79 1 NA NA 0.052316667744889855 94.84944532488115
79 2 NA NA 0.027944900561124086 84.62757527733756
79 3 NA NA 0.0292433665599674 66.08557844690966
80 0 0.0 99.77176966292134 NA NA
80 1 0.2523170275380835 96.875 NA NA
80 2 0.15830974304117262 88.23735955056179 NA NA
80 3 0.20590041705872864 66.7749297752809 NA NA
80 0 NA NA 0.0 100.0
80 1 NA NA 0.05243410752154887 94.92868462757528
80 2 NA NA 0.028081781812943518 84.54833597464342
80 3 NA NA 0.029241927317343652 66.1648177496038
81 0 0.0 99.77176966292134 NA NA
81 1 0.28136189456563443 96.59410112359551 NA NA
81 2 0.16064722079318017 88.13202247191012 NA NA
81 3 0.20560645393561572 66.83637640449439 NA NA
81 0 NA NA 0.0 100.0
81 1 NA NA 0.05224034865386784 94.77020602218701
81 2 NA NA 0.027962593594565988 84.54833597464342
81 3 NA NA 0.02911746851168573 66.08557844690966
82 0 0.0 99.77176966292134 NA NA
82 1 0.2777480063959956 96.66432584269663 NA NA
82 2 0.1605957642896101 88.22858146067416 NA NA
82 3 0.202416027081199 66.87148876404494 NA NA
82 0 NA NA 0.0 100.0
82 1 NA NA 0.0527684127446264 94.84944532488115
82 2 NA NA 0.027963186730630696 84.54833597464342
82 3 NA NA 0.02908083819784224 66.08557844690966
83 0 0.0 99.77176966292134 NA NA
83 1 0.2861910703359172 96.62921348314607 NA NA
83 2 0.16055636119563133 88.16713483146067 NA NA
83 3 0.2050075732404366 66.92415730337079 NA NA
83 0 NA NA 0.0 100.0
83 1 NA NA 0.0525633639190346 94.92868462757528
83 2 NA NA 0.028046484803780913 84.54833597464342
83 3 NA NA 0.029251398285850883 66.24405705229793
84 0 0.0 99.77176966292134 NA NA
84 1 0.2888016139040701 96.52387640449439 NA NA
84 2 0.16198664833791554 88.20224719101124 NA NA
84 3 0.20402177108917385 66.91537921348315 NA NA
84 0 NA NA 0.0 100.0
84 1 NA NA 0.05243480112403631 95.00792393026941
84 2 NA NA 0.027885593473911285 84.54833597464342
84 3 NA NA 0.028945536818355322 66.08557844690966
85 0 0.0 99.77176966292134 NA NA
85 1 0.27035719295963645 96.67310393258427 NA NA
85 2 0.15801231429213658 88.20224719101124 NA NA
85 3 0.1983232571510598 66.93293539325843 NA NA
85 0 NA NA 0.0 100.0
85 1 NA NA 0.05273637315258384 94.84944532488115
85 2 NA NA 0.027898057363927364 84.54833597464342
85 3 NA NA 0.02914710296317935 66.08557844690966
86 0 0.0 99.77176966292134 NA NA
86 1 0.2815236897440627 96.60287921348315 NA NA
86 2 0.16177348495693877 88.07057584269663 NA NA
86 3 0.20574600237887353 66.7749297752809 NA NA
86 0 NA NA 0.0 100.0
86 1 NA NA 0.05242146411910653 94.84944532488115
86 2 NA NA 0.027851481223478913 84.62757527733756
86 3 NA NA 0.028945359168574214 66.24405705229793
87 0 0.0 99.77176966292134 NA NA
87 1 0.26035890012281016 96.7872191011236 NA NA
87 2 0.16023138538002968 88.11446629213484 NA NA
87 3 0.20684112468734384 66.84515449438203 NA NA
87 0 NA NA 0.0 100.0
87 1 NA NA 0.052118478110060096 95.00792393026941
87 2 NA NA 0.027747876942157745 84.62757527733756
87 3 NA NA 0.02898384048603475 66.1648177496038
88 0 0.0 99.77176966292134 NA NA
88 1 0.28451651305658743 96.58532303370787 NA NA
88 2 0.16000635107047856 88.18469101123596 NA NA
88 3 0.1971732861129567 66.97682584269663 NA NA
88 0 NA NA 0.0 100.0
88 1 NA NA 0.052009746665135026 94.92868462757528
88 2 NA NA 0.027787459548562765 84.62757527733756
88 3 NA NA 0.02893223741557449 66.1648177496038
89 0 0.0 99.77176966292134 NA NA
89 1 0.2519804166513495 96.89255617977528 NA NA
89 2 0.15734032809268683 88.30758426966293 NA NA
89 3 0.20233317371457815 66.88026685393258 NA NA
89 0 NA NA 0.0 100.0
89 1 NA NA 0.052574157947674394 94.77020602218701
89 2 NA NA 0.027961923740804195 84.54833597464342
89 3 NA NA 0.02899671532213688 66.08557844690966
90 0 0.0 99.77176966292134 NA NA
90 1 0.27526640496216714 96.6994382022472 NA NA
90 2 0.16176224598893896 88.18469101123596 NA NA
90 3 0.20455265825148672 66.85393258426966 NA NA
90 0 NA NA 0.0 100.0
90 1 NA NA 0.05293674906715751 94.77020602218701
90 2 NA NA 0.027968926122412086 84.54833597464342
90 3 NA NA 0.02911406964994967 66.08557844690966
91 0 0.0 99.77176966292134 NA NA
91 1 0.27398379443911836 96.66432584269663 NA NA
91 2 0.15835016284836456 88.28125 NA NA
91 3 0.20133989909663796 66.88026685393258 NA NA
91 0 NA NA 0.0 100.0
91 1 NA NA 0.052927393931895494 94.84944532488115
91 2 NA NA 0.027877133805304766 84.54833597464342
91 3 NA NA 0.029019826790317893 66.08557844690966
92 0 0.0 99.77176966292134 NA NA
92 1 0.2737822172930464 96.71699438202248 NA NA
92 2 0.15939329826505855 88.0442415730337 NA NA
92 3 0.2040107063949108 66.67837078651685 NA NA
92 0 NA NA 0.0 100.0
92 1 NA NA 0.05201252712868154 94.84944532488115
92 2 NA NA 0.027914609876461327 84.54833597464342
92 3 NA NA 0.028931635664775968 66.08557844690966
93 0 0.0 99.77176966292134 NA NA
93 1 0.27752426773076877 96.6379915730337 NA NA
93 2 0.15923728636698797 88.20224719101124 NA NA
93 3 0.19961756188422441 66.97682584269663 NA NA
93 0 NA NA 0.0 100.0
93 1 NA NA 0.05277169030159712 94.84944532488115
93 2 NA NA 0.02807204343844205 84.54833597464342
93 3 NA NA 0.029091859003528953 66.08557844690966
94 0 0.0 99.77176966292134 NA NA
94 1 0.28001840540673584 96.64676966292134 NA NA
94 2 0.15860792068997398 88.25491573033707 NA NA
94 3 0.2027455164352432 66.83637640449439 NA NA
94 0 NA NA 0.0 100.0
94 1 NA NA 0.05266580102033913 94.92868462757528
94 2 NA NA 0.027844717260450125 84.54833597464342
94 3 NA NA 0.029023591545410454 66.08557844690966
95 0 0.0 99.77176966292134 NA NA
95 1 0.2707620037253946 96.72577247191012 NA NA
95 2 0.15512164449319243 88.14080056179775 NA NA
95 3 0.20380028046201915 66.76615168539325 NA NA
95 0 NA NA 0.0 100.0
95 1 NA NA 0.05245263525284827 94.84944532488115
95 2 NA NA 0.027802676311694086 84.54833597464342
95 3 NA NA 0.029006741475313902 66.08557844690966
96 0 0.0 99.77176966292134 NA NA
96 1 0.2794902590685524 96.76088483146067 NA NA
96 2 0.1603412154945545 88.24613764044943 NA NA
96 3 0.19930188241414726 66.88026685393258 NA NA
96 0 NA NA 0.0 100.0
96 1 NA NA 0.052373546874150634 94.84944532488115
96 2 NA NA 0.027786130784079432 84.54833597464342
96 3 NA NA 0.028907576575875282 66.08557844690966
97 0 0.0 99.77176966292134 NA NA
97 1 0.25842495396500453 96.76966292134831 NA NA
97 2 0.15551270107971504 88.21980337078652 NA NA
97 3 0.19700798322446644 66.91537921348315 NA NA
97 0 NA NA 0.0 100.0
97 1 NA NA 0.05219966056756675 94.84944532488115
97 2 NA NA 0.02784120198339224 84.54833597464342
97 3 NA NA 0.029139397898688912 66.08557844690966
98 0 0.0 99.77176966292134 NA NA
98 1 0.270057050161995 96.68188202247191 NA NA
98 2 0.15200102608650923 88.32514044943821 NA NA
98 3 0.19829007622320205 66.89782303370787 NA NA
98 0 NA NA 0.0 100.0
98 1 NA NA 0.052116177743300796 94.84944532488115
98 2 NA NA 0.027888416778296232 84.54833597464342
98 3 NA NA 0.029042821377515793 66.08557844690966
99 0 0.0 99.77176966292134 NA NA
99 1 0.26761859527323395 96.76966292134831 NA NA
99 2 0.1594928337726742 88.18469101123596 NA NA
99 3 0.20274449093267322 66.8627106741573 NA NA
99 0 NA NA 0.0 100.0
99 1 NA NA 0.05224783788435161 94.84944532488115
99 2 NA NA 0.0278675330337137 84.54833597464342
99 3 NA NA 0.029161820420995355 66.08557844690966
